use manipulator
c = [-0.0288713614093 -0.826040569936 -1.15950233141 -2.52446777025 -1.56834489504 0.010296696797]
b_dst = [-1.68102840504 -2.7516480452 -0.411491741073 -1.516517344 1.56106977053 0.326503828761]
p0 = [0.130486115813 -1.60768586794 0.083080291748 -1.61089498201 -1.56815272966 0.0104277739301]
b4 = [0.83226776123 -0.936690632497 1.20602989197 -1.83532506624 -1.57098180452 0.0103326495737]
b5 = [1.14265239239 -1.2028482596 1.57726335526 -1.97930938402 -1.57124501864 0.0103086810559]
b6 = [1.56082582474 -1.25413304964 1.64277172089 -2.06095391909 -1.57122117678 0.010296696797]
b7 = [0.278196930885 -1.43176108996 1.93985509872 -1.83550483385 -1.57092172304 0.0103086810559]
b1 = [-0.224480454122 -0.931432072316 1.20032930374 -1.88720542589 -1.5680568854 0.0107273794711]
b2 = [0.106198959053 -0.886115376149 1.18990945816 -1.83540898958 -1.57093364397 0.0103086810559]
b3 = [0.40519040823 -0.736042324697 0.876862049103 -1.83528882662 -1.57096940676 0.0103086810559]
