use manipulator
near_box = [0.414210766554 -0.975084129964 0.818676948547 -1.61239320437 -1.52766591707 0.000167779158801]
home = [3.07549442165e-05 -1.56997307877 -4.41303162836e-05 -1.56990515225 -4.37613382936e-05 -6.03143178858e-05]
drop = [1.2162232399 -0.528184239064 0.557434082031 -1.72803575197 -1.5297630469 0.00371136469766]
g = [0.0 -1.57 0.0 -1.57 0.0 0.0]
pick = [0.410748451948 -0.647123161946 0.817443847656 -1.73179895083 -1.52772552172 0.000179763374035]
