use manipulator
near_box = [0.447232933212 -0.65387298442 0.599544933436 -1.67726651541 -1.5541120284 -0.0980267538409]
home = [3.07549442165e-05 -1.56997307877 -4.41303162836e-05 -1.56990515225 -4.37613382936e-05 -6.03143178858e-05]
drop = [1.24085616148 -0.360866110533 0.211077051288 -1.55323061116 -1.52850613499 -3.09665665816]
g = [0.0 -1.57 0.0 -1.57 0.0 0.0]
pick = [0.450739012557 -0.498906573407 0.703527399328 -1.80030106583 -1.56753480372 -0.0957202579521]
