use manipulator
near_box = [-1.46136981646 -1.909409825 -1.12091285387 -1.38893491427 1.54998469353 0.681988537312]
home = [-1.45989686648 -1.29800349871 -1.56915361086 -1.3887069861 1.54992473125 0.681928992271]
drop = [-0.741155926381 -1.95481187502 -1.86926013628 -0.867040936147 1.55275297165 0.681593835354]
near_drop = [-0.720288578664 -1.79445249239 -1.83213597933 -1.06068736712 1.55282485485 0.681677699089]
pick = [-1.4510234038 -2.32135564486 -1.12455588976 -1.48178464571 1.55051195621 0.681940972805]
