use manipulator
near_box = [-1.46110612551 -2.03165799776 -1.12344152132 -1.3887069861 1.54997265339 0.681952953339]
home = [-1.45989686648 -1.29800349871 -1.56915361086 -1.3887069861 1.54992473125 0.681928992271]
drop = [-0.757078949605 -1.99666768709 -1.89686376253 -0.815939251577 1.55302858353 0.681450009346]
near_drop = [-0.720288578664 -1.79445249239 -1.83213597933 -1.06068736712 1.55282485485 0.681677699089]
pick = [-1.4510234038 -2.32135564486 -1.12455588976 -1.48178464571 1.55051195621 0.681940972805]
