use manipulator
near_box = [1.42677614722 -0.898224685501 0.911201953166 -1.58471334887 -1.56897421648 -0.144062011643]
home = [0.0 -1.57 0.0 -1.57 0.0 0.0]
drop = [2.09568206324 -1.14192124182 1.73969501144 -2.17068399318 -1.56996529378 0.427591571922]
near_drop = [2.09534582346 -1.29240846943 1.50042170796 -1.78087489391 -1.56988976929 0.427419324636]
pick = [1.42709018162 -0.799202537497 1.20182940265 -1.97450373998 -1.56914145483 -0.143568318995]
